Lemma 2.5 check (bound must be >= exact I for an upper bound):
  ML-DSA-44 dim=2048 phi=7: log2 exact I =  -33.53, log2 Lemma 2.5 bound =  -50.12
  ML-DSA-65 dim=2816 phi=8: log2 exact I =  -35.09, log2 Lemma 2.5 bound =  -52.69
  ML-DSA-87 dim=3840 phi=9: log2 exact I =  -37.56, log2 Lemma 2.5 bound =  -57.07

ML-DSA-44 nu=3
  (T,N)     K  log2M  B_paper  log2Qs(B_paper) | B_for_2^50  emp_mean  emp_sd  z(B_paper)  z(B_for_2^50)  frac>B_for_2^50 | log2Qs_typ(fit) log2Qs_typ(emp)
  (2,2)     2  0.643    387.3      32.83       |     311.0     297.9     6.9      12.9          1.9        0.032 |      52.54      52.44
  (2,3)     3  0.743    547.7      32.37       |     438.1     421.1    10.7      11.9          1.6        0.056 |      51.91      51.73
  (3,3)     4  0.671    387.3      32.96       |     313.3     297.7     6.7      13.3          2.3        0.012 |      53.51      53.51
  (2,4)     3  0.753    547.7      32.36       |     438.1     421.3    10.6      12.0          1.6        0.059 |      51.91      51.91
  (3,4)     7  0.836    547.7      31.91       |     438.1     421.1    11.0      11.6          1.6        0.057 |      51.80      51.81
  (4,4)     8  0.680    387.3      31.95       |     310.2     297.8     7.0      12.8          1.8        0.043 |      52.31      52.16
  (2,5)     3  0.994    670.8      32.55       |     538.5     516.0    13.8      11.2          1.6        0.052 |      52.00      51.93
  (3,5)    14  1.170    774.5      30.90       |     614.1     595.2    16.0      11.2          1.2        0.122 |      50.79      50.76
  (4,5)    30  1.127    670.8      31.17       |     537.2     515.5    13.7      11.4          1.6        0.056 |      51.87      51.75
  (5,5)    16  0.702    387.3      32.10       |     312.6     297.9     7.1      12.7          2.1        0.025 |      53.08      53.07
  (2,6)     4  0.954    670.8      32.82       |     542.0     516.0    13.8      11.2          1.9        0.034 |      52.65      52.45
  (3,6)    19  1.333    866.0      30.26       |     681.9     665.6    17.6      11.4          0.9        0.169 |      50.16      49.91
  (4,6)    74  1.385    866.0      28.79       |     674.6     666.3    18.6      10.7          0.4        0.324 |      48.62      48.59
  (5,6)   100  1.132    670.8      27.42       |     512.5     515.8    13.7      11.3         -0.2        0.593 |      46.96      46.69
  (6,6)    37  0.755    387.3      29.71       |     303.5     297.8     6.8      13.2          0.8        0.198 |      50.17      50.11

ML-DSA-65 nu=6
  (T,N)     K  log2M  B_paper  log2Qs(B_paper) | B_for_2^50  emp_mean  emp_sd  z(B_paper)  z(B_for_2^50)  frac>B_for_2^50 | log2Qs_typ(fit) log2Qs_typ(emp)
  (2,2)     3  0.956    931.5      34.91       |     774.6     716.0    14.9      14.5          3.9        0.000 |      56.62      56.55
  (2,3)     5  1.248   1317.3      33.67       |    1080.0    1012.0    22.6      13.5          3.0        0.001 |      55.00      55.02
  (3,3)     9  0.931    931.5      32.77       |     756.0     715.6    14.4      15.0          2.8        0.002 |      54.31      54.29
  (2,4)     6  1.248   1317.3      33.41       |    1077.2    1013.7    22.4      13.5          2.8        0.003 |      54.60      54.56
  (3,4)    20  1.339   1317.3      32.03       |    1064.9    1012.5    23.1      13.2          2.3        0.011 |      53.46      53.29
  (4,4)    26  1.096    931.5      31.15       |     744.3     716.3    14.4      15.0          1.9        0.030 |      52.58      52.48
  (2,5)     8  1.500   1613.3      33.09       |    1316.7    1240.8    29.2      12.8          2.6        0.009 |      54.24      54.12
  (3,5)    62  1.734   1862.9      30.15       |    1479.1    1430.5    34.6      12.5          1.4        0.082 |      51.43      51.31
  (4,5)   205  1.747   1613.3      28.29       |    1258.4    1240.8    29.5      12.6          0.6        0.278 |      49.40      49.45
  (5,5)    78  1.125    931.5      30.12       |     739.4     716.7    15.1      14.3          1.5        0.065 |      51.71      51.67
  (2,6)     8  1.451   1613.3      33.12       |    1317.0    1240.6    29.5      12.7          2.6        0.009 |      54.25      54.07
  (3,6)    95  2.005   2082.8      29.69       |    1649.4    1601.8    38.7      12.4          1.2        0.106 |      50.98      50.96
  (4,6)   804  2.202   2082.8      26.51       |    1603.3    1600.0    39.1      12.3          0.1        0.468 |      47.88      47.71
  (5,6)  1200  1.805   1613.3      26.04       |    1236.3    1240.0    28.4      13.1         -0.1        0.541 |      47.55      47.36
  (6,6)   250  1.145    931.5      27.86       |     721.9     716.1    15.0      14.4          0.4        0.347 |      49.20      49.09

ML-DSA-87 nu=7
  (T,N)     K  log2M  B_paper  log2Qs(B_paper) | B_for_2^50  emp_mean  emp_sd  z(B_paper)  z(B_for_2^50)  frac>B_for_2^50 | log2Qs_typ(fit) log2Qs_typ(emp)
  (2,2)     3  0.804    650.2      37.31       |     559.2     500.5     8.8      17.1          6.7        0.000 |      60.68      60.57
  (2,3)     4  0.895    919.5      35.99       |     777.6     707.5    13.9      15.2          5.0        0.000 |      58.57      58.54
  (3,3)     6  0.837    650.2      36.29       |     553.4     500.1     8.8      17.1          6.1        0.000 |      59.77      59.69
  (2,4)     4  0.902    919.5      36.68       |     785.2     707.1    14.5      14.6          5.4        0.000 |      59.58      59.54
  (3,4)    11  1.024    919.5      34.46       |     765.9     707.7    14.0      15.1          4.2        0.000 |      56.99      57.00
  (4,4)    14  0.829    650.2      35.07       |     546.8     500.3     9.1      16.6          5.1        0.000 |      58.42      58.41
  (2,5)     5  1.149   1126.2      36.14       |     956.3     866.2    17.6      14.7          5.1        0.000 |      59.01      58.89
  (3,5)    26  1.401   1300.4      33.89       |    1081.1     999.8    20.9      14.4          3.9        0.000 |      56.85      56.78
  (4,5)    70  1.346   1126.2      32.24       |     920.7     866.2    17.5      14.9          3.1        0.003 |      55.14      55.08
  (5,5)    35  0.864    650.2      33.73       |     539.7     500.2     8.8      17.0          4.5        0.000 |      57.16      57.04
  (2,6)     5  1.049   1126.2      36.20       |     956.7     865.9    17.4      15.0          5.2        0.000 |      59.15      59.13
  (3,6)    39  1.563   1453.9      33.12       |    1199.3    1118.2    23.0      14.6          3.5        0.001 |      56.06      55.89
  (4,6)   208  1.755   1453.9      31.05       |    1179.0    1117.6    23.2      14.5          2.6        0.004 |      54.27      54.25
  (5,6)   295  1.467   1126.2      30.67       |     910.1     866.0    17.8      14.6          2.5        0.013 |      53.87      53.74
  (6,6)    87  0.953    650.2      32.37       |     532.9     500.3     9.0      16.7          3.6        0.000 |      55.74      55.67
